{
 "cells": [
  {
   "cell_type": "code",
   "execution_count": 1,
   "metadata": {
    "collapsed": true,
    "deletable": true,
    "editable": true
   },
   "outputs": [],
   "source": [
    "import pandas as pd\n",
    "import numpy as np\n",
    "from sklearn import preprocessing\n",
    "import seaborn as sns\n",
    "import matplotlib.pyplot as plt"
   ]
  },
  {
   "cell_type": "code",
   "execution_count": 2,
   "metadata": {
    "collapsed": false,
    "deletable": true,
    "editable": true
   },
   "outputs": [
    {
     "data": {
      "text/html": [
       "<div>\n",
       "<table border=\"1\" class=\"dataframe\">\n",
       "  <thead>\n",
       "    <tr style=\"text-align: right;\">\n",
       "      <th></th>\n",
       "      <th></th>\n",
       "      <th>businesses</th>\n",
       "      <th>cafe</th>\n",
       "      <th>pawn</th>\n",
       "      <th>debt</th>\n",
       "      <th>cig</th>\n",
       "      <th>total_select_bus</th>\n",
       "      <th>hpdA</th>\n",
       "      <th>hpdB</th>\n",
       "      <th>hpdC</th>\n",
       "      <th>hpdTotal</th>\n",
       "      <th>...</th>\n",
       "      <th>positiveRodent</th>\n",
       "      <th>total</th>\n",
       "      <th>violation</th>\n",
       "      <th>misdemeanor</th>\n",
       "      <th>felony</th>\n",
       "      <th>population</th>\n",
       "      <th>pop_per_sq_mile</th>\n",
       "      <th>theft</th>\n",
       "      <th>assault</th>\n",
       "      <th>harassment</th>\n",
       "    </tr>\n",
       "    <tr>\n",
       "      <th>boro</th>\n",
       "      <th>zipcode</th>\n",
       "      <th></th>\n",
       "      <th></th>\n",
       "      <th></th>\n",
       "      <th></th>\n",
       "      <th></th>\n",
       "      <th></th>\n",
       "      <th></th>\n",
       "      <th></th>\n",
       "      <th></th>\n",
       "      <th></th>\n",
       "      <th></th>\n",
       "      <th></th>\n",
       "      <th></th>\n",
       "      <th></th>\n",
       "      <th></th>\n",
       "      <th></th>\n",
       "      <th></th>\n",
       "      <th></th>\n",
       "      <th></th>\n",
       "      <th></th>\n",
       "      <th></th>\n",
       "    </tr>\n",
       "  </thead>\n",
       "  <tbody>\n",
       "    <tr>\n",
       "      <th rowspan=\"5\" valign=\"top\">Bronx</th>\n",
       "      <th>10453</th>\n",
       "      <td>447</td>\n",
       "      <td>NaN</td>\n",
       "      <td>NaN</td>\n",
       "      <td>NaN</td>\n",
       "      <td>NaN</td>\n",
       "      <td>NaN</td>\n",
       "      <td>12079.0</td>\n",
       "      <td>36822.0</td>\n",
       "      <td>11188.0</td>\n",
       "      <td>60089.0</td>\n",
       "      <td>...</td>\n",
       "      <td>23460.0</td>\n",
       "      <td>58579.0</td>\n",
       "      <td>7514.0</td>\n",
       "      <td>37011.0</td>\n",
       "      <td>14054.0</td>\n",
       "      <td>76775.0</td>\n",
       "      <td>87970.27</td>\n",
       "      <td>5745.0</td>\n",
       "      <td>8058.0</td>\n",
       "      <td>7409.0</td>\n",
       "    </tr>\n",
       "    <tr>\n",
       "      <th>10457</th>\n",
       "      <td>470</td>\n",
       "      <td>NaN</td>\n",
       "      <td>NaN</td>\n",
       "      <td>NaN</td>\n",
       "      <td>NaN</td>\n",
       "      <td>NaN</td>\n",
       "      <td>11139.0</td>\n",
       "      <td>33267.0</td>\n",
       "      <td>10221.0</td>\n",
       "      <td>54627.0</td>\n",
       "      <td>...</td>\n",
       "      <td>30270.0</td>\n",
       "      <td>67137.0</td>\n",
       "      <td>7683.0</td>\n",
       "      <td>42228.0</td>\n",
       "      <td>17226.0</td>\n",
       "      <td>69048.0</td>\n",
       "      <td>58547.95</td>\n",
       "      <td>6928.0</td>\n",
       "      <td>9025.0</td>\n",
       "      <td>7631.0</td>\n",
       "    </tr>\n",
       "    <tr>\n",
       "      <th>10460</th>\n",
       "      <td>313</td>\n",
       "      <td>NaN</td>\n",
       "      <td>NaN</td>\n",
       "      <td>NaN</td>\n",
       "      <td>NaN</td>\n",
       "      <td>NaN</td>\n",
       "      <td>7043.0</td>\n",
       "      <td>20282.0</td>\n",
       "      <td>6783.0</td>\n",
       "      <td>34108.0</td>\n",
       "      <td>...</td>\n",
       "      <td>15991.0</td>\n",
       "      <td>51550.0</td>\n",
       "      <td>5677.0</td>\n",
       "      <td>31992.0</td>\n",
       "      <td>13881.0</td>\n",
       "      <td>53707.0</td>\n",
       "      <td>33064.79</td>\n",
       "      <td>5491.0</td>\n",
       "      <td>6581.0</td>\n",
       "      <td>5527.0</td>\n",
       "    </tr>\n",
       "    <tr>\n",
       "      <th>10458</th>\n",
       "      <td>535</td>\n",
       "      <td>6.0</td>\n",
       "      <td>15.0</td>\n",
       "      <td>1.0</td>\n",
       "      <td>95.0</td>\n",
       "      <td>117.0</td>\n",
       "      <td>11936.0</td>\n",
       "      <td>34378.0</td>\n",
       "      <td>11569.0</td>\n",
       "      <td>57883.0</td>\n",
       "      <td>...</td>\n",
       "      <td>28913.0</td>\n",
       "      <td>69136.0</td>\n",
       "      <td>7326.0</td>\n",
       "      <td>41794.0</td>\n",
       "      <td>20016.0</td>\n",
       "      <td>77840.0</td>\n",
       "      <td>62296.26</td>\n",
       "      <td>9093.0</td>\n",
       "      <td>8358.0</td>\n",
       "      <td>7217.0</td>\n",
       "    </tr>\n",
       "    <tr>\n",
       "      <th>10467</th>\n",
       "      <td>604</td>\n",
       "      <td>NaN</td>\n",
       "      <td>NaN</td>\n",
       "      <td>NaN</td>\n",
       "      <td>NaN</td>\n",
       "      <td>NaN</td>\n",
       "      <td>10581.0</td>\n",
       "      <td>30801.0</td>\n",
       "      <td>9495.0</td>\n",
       "      <td>50877.0</td>\n",
       "      <td>...</td>\n",
       "      <td>12557.0</td>\n",
       "      <td>64178.0</td>\n",
       "      <td>8656.0</td>\n",
       "      <td>37089.0</td>\n",
       "      <td>18433.0</td>\n",
       "      <td>94342.0</td>\n",
       "      <td>33219.75</td>\n",
       "      <td>7209.0</td>\n",
       "      <td>7743.0</td>\n",
       "      <td>8542.0</td>\n",
       "    </tr>\n",
       "  </tbody>\n",
       "</table>\n",
       "<p>5 rows × 21 columns</p>\n",
       "</div>"
      ],
      "text/plain": [
       "               businesses  cafe  pawn  debt   cig  total_select_bus     hpdA  \\\n",
       "boro  zipcode                                                                  \n",
       "Bronx 10453           447   NaN   NaN   NaN   NaN               NaN  12079.0   \n",
       "      10457           470   NaN   NaN   NaN   NaN               NaN  11139.0   \n",
       "      10460           313   NaN   NaN   NaN   NaN               NaN   7043.0   \n",
       "      10458           535   6.0  15.0   1.0  95.0             117.0  11936.0   \n",
       "      10467           604   NaN   NaN   NaN   NaN               NaN  10581.0   \n",
       "\n",
       "                  hpdB     hpdC  hpdTotal     ...      positiveRodent  \\\n",
       "boro  zipcode                                 ...                       \n",
       "Bronx 10453    36822.0  11188.0   60089.0     ...             23460.0   \n",
       "      10457    33267.0  10221.0   54627.0     ...             30270.0   \n",
       "      10460    20282.0   6783.0   34108.0     ...             15991.0   \n",
       "      10458    34378.0  11569.0   57883.0     ...             28913.0   \n",
       "      10467    30801.0   9495.0   50877.0     ...             12557.0   \n",
       "\n",
       "                 total  violation  misdemeanor   felony  population  \\\n",
       "boro  zipcode                                                         \n",
       "Bronx 10453    58579.0     7514.0      37011.0  14054.0     76775.0   \n",
       "      10457    67137.0     7683.0      42228.0  17226.0     69048.0   \n",
       "      10460    51550.0     5677.0      31992.0  13881.0     53707.0   \n",
       "      10458    69136.0     7326.0      41794.0  20016.0     77840.0   \n",
       "      10467    64178.0     8656.0      37089.0  18433.0     94342.0   \n",
       "\n",
       "               pop_per_sq_mile   theft  assault  harassment  \n",
       "boro  zipcode                                                \n",
       "Bronx 10453           87970.27  5745.0   8058.0      7409.0  \n",
       "      10457           58547.95  6928.0   9025.0      7631.0  \n",
       "      10460           33064.79  5491.0   6581.0      5527.0  \n",
       "      10458           62296.26  9093.0   8358.0      7217.0  \n",
       "      10467           33219.75  7209.0   7743.0      8542.0  \n",
       "\n",
       "[5 rows x 21 columns]"
      ]
     },
     "execution_count": 2,
     "metadata": {},
     "output_type": "execute_result"
    }
   ],
   "source": [
    "df = pd.read_csv('crime_regression_data.csv', index_col=['boro', 'zipcode'])\n",
    "df.head()"
   ]
  },
  {
   "cell_type": "code",
   "execution_count": 3,
   "metadata": {
    "collapsed": false,
    "deletable": true,
    "editable": true
   },
   "outputs": [
    {
     "data": {
      "text/html": [
       "<div>\n",
       "<table border=\"1\" class=\"dataframe\">\n",
       "  <thead>\n",
       "    <tr style=\"text-align: right;\">\n",
       "      <th></th>\n",
       "      <th>businesses</th>\n",
       "      <th>hpdA</th>\n",
       "      <th>hpdB</th>\n",
       "      <th>hpdC</th>\n",
       "      <th>hpdTotal</th>\n",
       "      <th>negativeRodent</th>\n",
       "      <th>positiveRodent</th>\n",
       "      <th>population</th>\n",
       "      <th>pop_per_sq_mile</th>\n",
       "      <th>theft</th>\n",
       "      <th>assault</th>\n",
       "      <th>harassment</th>\n",
       "    </tr>\n",
       "  </thead>\n",
       "  <tbody>\n",
       "    <tr>\n",
       "      <th>businesses</th>\n",
       "      <td>1.000000</td>\n",
       "      <td>0.249637</td>\n",
       "      <td>0.243660</td>\n",
       "      <td>0.222829</td>\n",
       "      <td>0.241238</td>\n",
       "      <td>0.257798</td>\n",
       "      <td>0.251259</td>\n",
       "      <td>0.717633</td>\n",
       "      <td>0.149517</td>\n",
       "      <td>0.540950</td>\n",
       "      <td>0.406004</td>\n",
       "      <td>0.497740</td>\n",
       "    </tr>\n",
       "    <tr>\n",
       "      <th>hpdA</th>\n",
       "      <td>0.249637</td>\n",
       "      <td>1.000000</td>\n",
       "      <td>0.993999</td>\n",
       "      <td>0.985928</td>\n",
       "      <td>0.995872</td>\n",
       "      <td>0.792244</td>\n",
       "      <td>0.735341</td>\n",
       "      <td>0.535953</td>\n",
       "      <td>0.485912</td>\n",
       "      <td>0.381457</td>\n",
       "      <td>0.796271</td>\n",
       "      <td>0.706864</td>\n",
       "    </tr>\n",
       "    <tr>\n",
       "      <th>hpdB</th>\n",
       "      <td>0.243660</td>\n",
       "      <td>0.993999</td>\n",
       "      <td>1.000000</td>\n",
       "      <td>0.991535</td>\n",
       "      <td>0.999407</td>\n",
       "      <td>0.785346</td>\n",
       "      <td>0.713937</td>\n",
       "      <td>0.536511</td>\n",
       "      <td>0.442416</td>\n",
       "      <td>0.360400</td>\n",
       "      <td>0.823400</td>\n",
       "      <td>0.726163</td>\n",
       "    </tr>\n",
       "    <tr>\n",
       "      <th>hpdC</th>\n",
       "      <td>0.222829</td>\n",
       "      <td>0.985928</td>\n",
       "      <td>0.991535</td>\n",
       "      <td>1.000000</td>\n",
       "      <td>0.994399</td>\n",
       "      <td>0.774557</td>\n",
       "      <td>0.711637</td>\n",
       "      <td>0.519823</td>\n",
       "      <td>0.450715</td>\n",
       "      <td>0.350000</td>\n",
       "      <td>0.820583</td>\n",
       "      <td>0.721067</td>\n",
       "    </tr>\n",
       "    <tr>\n",
       "      <th>hpdTotal</th>\n",
       "      <td>0.241238</td>\n",
       "      <td>0.995872</td>\n",
       "      <td>0.999407</td>\n",
       "      <td>0.994399</td>\n",
       "      <td>1.000000</td>\n",
       "      <td>0.786372</td>\n",
       "      <td>0.719403</td>\n",
       "      <td>0.534288</td>\n",
       "      <td>0.453802</td>\n",
       "      <td>0.363356</td>\n",
       "      <td>0.819307</td>\n",
       "      <td>0.722954</td>\n",
       "    </tr>\n",
       "    <tr>\n",
       "      <th>negativeRodent</th>\n",
       "      <td>0.257798</td>\n",
       "      <td>0.792244</td>\n",
       "      <td>0.785346</td>\n",
       "      <td>0.774557</td>\n",
       "      <td>0.786372</td>\n",
       "      <td>1.000000</td>\n",
       "      <td>0.854937</td>\n",
       "      <td>0.439419</td>\n",
       "      <td>0.348332</td>\n",
       "      <td>0.405502</td>\n",
       "      <td>0.725117</td>\n",
       "      <td>0.673309</td>\n",
       "    </tr>\n",
       "    <tr>\n",
       "      <th>positiveRodent</th>\n",
       "      <td>0.251259</td>\n",
       "      <td>0.735341</td>\n",
       "      <td>0.713937</td>\n",
       "      <td>0.711637</td>\n",
       "      <td>0.719403</td>\n",
       "      <td>0.854937</td>\n",
       "      <td>1.000000</td>\n",
       "      <td>0.400619</td>\n",
       "      <td>0.537741</td>\n",
       "      <td>0.502548</td>\n",
       "      <td>0.658678</td>\n",
       "      <td>0.595467</td>\n",
       "    </tr>\n",
       "    <tr>\n",
       "      <th>population</th>\n",
       "      <td>0.717633</td>\n",
       "      <td>0.535953</td>\n",
       "      <td>0.536511</td>\n",
       "      <td>0.519823</td>\n",
       "      <td>0.534288</td>\n",
       "      <td>0.439419</td>\n",
       "      <td>0.400619</td>\n",
       "      <td>1.000000</td>\n",
       "      <td>0.378728</td>\n",
       "      <td>0.488881</td>\n",
       "      <td>0.599266</td>\n",
       "      <td>0.650538</td>\n",
       "    </tr>\n",
       "    <tr>\n",
       "      <th>pop_per_sq_mile</th>\n",
       "      <td>0.149517</td>\n",
       "      <td>0.485912</td>\n",
       "      <td>0.442416</td>\n",
       "      <td>0.450715</td>\n",
       "      <td>0.453802</td>\n",
       "      <td>0.348332</td>\n",
       "      <td>0.537741</td>\n",
       "      <td>0.378728</td>\n",
       "      <td>1.000000</td>\n",
       "      <td>0.373091</td>\n",
       "      <td>0.292843</td>\n",
       "      <td>0.239671</td>\n",
       "    </tr>\n",
       "    <tr>\n",
       "      <th>theft</th>\n",
       "      <td>0.540950</td>\n",
       "      <td>0.381457</td>\n",
       "      <td>0.360400</td>\n",
       "      <td>0.350000</td>\n",
       "      <td>0.363356</td>\n",
       "      <td>0.405502</td>\n",
       "      <td>0.502548</td>\n",
       "      <td>0.488881</td>\n",
       "      <td>0.373091</td>\n",
       "      <td>1.000000</td>\n",
       "      <td>0.556068</td>\n",
       "      <td>0.635279</td>\n",
       "    </tr>\n",
       "    <tr>\n",
       "      <th>assault</th>\n",
       "      <td>0.406004</td>\n",
       "      <td>0.796271</td>\n",
       "      <td>0.823400</td>\n",
       "      <td>0.820583</td>\n",
       "      <td>0.819307</td>\n",
       "      <td>0.725117</td>\n",
       "      <td>0.658678</td>\n",
       "      <td>0.599266</td>\n",
       "      <td>0.292843</td>\n",
       "      <td>0.556068</td>\n",
       "      <td>1.000000</td>\n",
       "      <td>0.936623</td>\n",
       "    </tr>\n",
       "    <tr>\n",
       "      <th>harassment</th>\n",
       "      <td>0.497740</td>\n",
       "      <td>0.706864</td>\n",
       "      <td>0.726163</td>\n",
       "      <td>0.721067</td>\n",
       "      <td>0.722954</td>\n",
       "      <td>0.673309</td>\n",
       "      <td>0.595467</td>\n",
       "      <td>0.650538</td>\n",
       "      <td>0.239671</td>\n",
       "      <td>0.635279</td>\n",
       "      <td>0.936623</td>\n",
       "      <td>1.000000</td>\n",
       "    </tr>\n",
       "  </tbody>\n",
       "</table>\n",
       "</div>"
      ],
      "text/plain": [
       "                 businesses      hpdA      hpdB      hpdC  hpdTotal  \\\n",
       "businesses         1.000000  0.249637  0.243660  0.222829  0.241238   \n",
       "hpdA               0.249637  1.000000  0.993999  0.985928  0.995872   \n",
       "hpdB               0.243660  0.993999  1.000000  0.991535  0.999407   \n",
       "hpdC               0.222829  0.985928  0.991535  1.000000  0.994399   \n",
       "hpdTotal           0.241238  0.995872  0.999407  0.994399  1.000000   \n",
       "negativeRodent     0.257798  0.792244  0.785346  0.774557  0.786372   \n",
       "positiveRodent     0.251259  0.735341  0.713937  0.711637  0.719403   \n",
       "population         0.717633  0.535953  0.536511  0.519823  0.534288   \n",
       "pop_per_sq_mile    0.149517  0.485912  0.442416  0.450715  0.453802   \n",
       "theft              0.540950  0.381457  0.360400  0.350000  0.363356   \n",
       "assault            0.406004  0.796271  0.823400  0.820583  0.819307   \n",
       "harassment         0.497740  0.706864  0.726163  0.721067  0.722954   \n",
       "\n",
       "                 negativeRodent  positiveRodent  population  pop_per_sq_mile  \\\n",
       "businesses             0.257798        0.251259    0.717633         0.149517   \n",
       "hpdA                   0.792244        0.735341    0.535953         0.485912   \n",
       "hpdB                   0.785346        0.713937    0.536511         0.442416   \n",
       "hpdC                   0.774557        0.711637    0.519823         0.450715   \n",
       "hpdTotal               0.786372        0.719403    0.534288         0.453802   \n",
       "negativeRodent         1.000000        0.854937    0.439419         0.348332   \n",
       "positiveRodent         0.854937        1.000000    0.400619         0.537741   \n",
       "population             0.439419        0.400619    1.000000         0.378728   \n",
       "pop_per_sq_mile        0.348332        0.537741    0.378728         1.000000   \n",
       "theft                  0.405502        0.502548    0.488881         0.373091   \n",
       "assault                0.725117        0.658678    0.599266         0.292843   \n",
       "harassment             0.673309        0.595467    0.650538         0.239671   \n",
       "\n",
       "                    theft   assault  harassment  \n",
       "businesses       0.540950  0.406004    0.497740  \n",
       "hpdA             0.381457  0.796271    0.706864  \n",
       "hpdB             0.360400  0.823400    0.726163  \n",
       "hpdC             0.350000  0.820583    0.721067  \n",
       "hpdTotal         0.363356  0.819307    0.722954  \n",
       "negativeRodent   0.405502  0.725117    0.673309  \n",
       "positiveRodent   0.502548  0.658678    0.595467  \n",
       "population       0.488881  0.599266    0.650538  \n",
       "pop_per_sq_mile  0.373091  0.292843    0.239671  \n",
       "theft            1.000000  0.556068    0.635279  \n",
       "assault          0.556068  1.000000    0.936623  \n",
       "harassment       0.635279  0.936623    1.000000  "
      ]
     },
     "execution_count": 3,
     "metadata": {},
     "output_type": "execute_result"
    }
   ],
   "source": [
    "# Scale the dataset and compute the correlation matrix\n",
    "\n",
    "selected_col = ['cafe', 'pawn', 'debt', 'cig', 'total_select_bus', 'total', 'violation', 'misdemeanor', 'felony']\n",
    "df1 = df.drop(selected_col, axis=1).dropna()\n",
    "df1_scaled = preprocessing.scale(df1)\n",
    "df1_new = pd.DataFrame(data=df1_scaled, columns = df1.columns)\n",
    "cor_matrix = df1_new.corr()\n",
    "cor_matrix"
   ]
  },
  {
   "cell_type": "code",
   "execution_count": 4,
   "metadata": {
    "collapsed": false,
    "deletable": true,
    "editable": true
   },
   "outputs": [
    {
     "data": {
      "text/html": [
       "<div>\n",
       "<table border=\"1\" class=\"dataframe\">\n",
       "  <thead>\n",
       "    <tr style=\"text-align: right;\">\n",
       "      <th></th>\n",
       "      <th></th>\n",
       "      <th>businesses</th>\n",
       "      <th>hpdTotal</th>\n",
       "      <th>positiveRodent</th>\n",
       "    </tr>\n",
       "    <tr>\n",
       "      <th>boro</th>\n",
       "      <th>zipcode</th>\n",
       "      <th></th>\n",
       "      <th></th>\n",
       "      <th></th>\n",
       "    </tr>\n",
       "  </thead>\n",
       "  <tbody>\n",
       "    <tr>\n",
       "      <th rowspan=\"5\" valign=\"top\">Bronx</th>\n",
       "      <th>10453</th>\n",
       "      <td>447</td>\n",
       "      <td>60089.0</td>\n",
       "      <td>23460.0</td>\n",
       "    </tr>\n",
       "    <tr>\n",
       "      <th>10457</th>\n",
       "      <td>470</td>\n",
       "      <td>54627.0</td>\n",
       "      <td>30270.0</td>\n",
       "    </tr>\n",
       "    <tr>\n",
       "      <th>10460</th>\n",
       "      <td>313</td>\n",
       "      <td>34108.0</td>\n",
       "      <td>15991.0</td>\n",
       "    </tr>\n",
       "    <tr>\n",
       "      <th>10458</th>\n",
       "      <td>535</td>\n",
       "      <td>57883.0</td>\n",
       "      <td>28913.0</td>\n",
       "    </tr>\n",
       "    <tr>\n",
       "      <th>10467</th>\n",
       "      <td>604</td>\n",
       "      <td>50877.0</td>\n",
       "      <td>12557.0</td>\n",
       "    </tr>\n",
       "  </tbody>\n",
       "</table>\n",
       "</div>"
      ],
      "text/plain": [
       "               businesses  hpdTotal  positiveRodent\n",
       "boro  zipcode                                      \n",
       "Bronx 10453           447   60089.0         23460.0\n",
       "      10457           470   54627.0         30270.0\n",
       "      10460           313   34108.0         15991.0\n",
       "      10458           535   57883.0         28913.0\n",
       "      10467           604   50877.0         12557.0"
      ]
     },
     "execution_count": 4,
     "metadata": {},
     "output_type": "execute_result"
    }
   ],
   "source": [
    "cols = ['hpdA', 'hpdB', 'hpdC', 'negativeRodent', 'population', 'pop_per_sq_mile', 'theft', 'assault', 'harassment']\n",
    "df_scatterplot = df1.drop(cols, axis=1)\n",
    "df_scatterplot.head()"
   ]
  },
  {
   "cell_type": "code",
   "execution_count": 5,
   "metadata": {
    "collapsed": false,
    "deletable": true,
    "editable": true
   },
   "outputs": [
    {
     "data": {
